D:\PyConds\Miniconda3\envs\Kaggle\ElectricMotors\python.exe D:\PyCharm\helpers\pydev\pydevd.py --multiproc --qt-support=auto --client 127.0.0.1 --port 52653 --file "D:/R&D/Digital Twin/ElectricMotors/Models/Kaggle/kernel_starter_control_schedule.py"
pydev debugger: process 12188 is connecting

Connected to pydev debugger (build 191.7479.30)
original dataset: 
(40963202, 7)
        id_k       iq_k  epsilon_k  n_k  n_1k      id_k1      iq_k1
0  -81.45802  229.52930   2.240254    5     6 -105.73820  167.36170
1 -140.68210  112.42340  -1.610116    7     2 -174.89710  128.22370
2 -127.07240  171.74380  -1.971891    4     7  -92.96102  126.60810
3  -42.27880  120.14950   1.300341    2     7  -82.23310  124.33790
4  -48.02003   10.97132  -1.778834    1     4  -45.73148   11.60761
   n_k n_1k      id_k                ...     id_k1                iq_k1          
                  min           max  ...       min       max        min       max
0    1    1 -239.9995 -3.796823e-04  ... -241.1306  11.13978  -4.169979  236.7496
1    1    2 -239.9996 -2.883377e-04  ... -241.7579  13.24873  -5.149550  236.0039
2    1    3 -239.9998 -2.400458e-04  ... -241.8251  14.18852  -3.346936  235.7984
3    1    4 -239.9998 -1.909953e-04  ... -241.5826  13.45501  -4.953639  234.8480
4    1    5 -239.9987 -1.185077e-03  ... -243.0332  14.74677  -3.804654  236.1685
5    1    6 -239.9996 -2.172734e-04  ... -241.9712  12.48168  -4.494866  235.1060
6    1    7 -239.9991 -4.842893e-05  ... -243.1643  11.88069  -3.183241  235.3427
7    2    1 -239.9993 -4.392682e-05  ... -285.5687  60.32992  -9.551169  333.9421
8    2    2 -239.9942 -1.665939e-05  ... -274.9426  55.19133  -6.898915  334.6873
9    2    3 -239.9868 -2.175186e-04  ... -285.6653  52.36134  -9.471984  282.2432
10   2    4 -239.9919 -1.438949e-04  ... -283.0021  46.18008  -9.412128  325.4841
11   2    5 -239.9992 -3.396524e-04  ... -279.1290  60.51038  -9.614361  323.0525
12   2    6 -239.9994 -7.978030e-04  ... -283.1735  63.01284  -8.618440  334.0561
13   2    7 -239.9974 -2.440244e-06  ... -266.7117  58.20578 -10.141930  293.1542
14   3    1 -239.9992 -4.461021e-07  ... -285.2584  62.19257  -8.367179  332.4711
15   3    2 -239.9997 -1.052445e-03  ... -278.1440  62.45541  -8.613493  325.4312
16   3    3 -239.9893 -2.943205e-04  ... -275.7518  52.54150  -6.912765  335.9853
17   3    4 -239.9764 -1.221122e-04  ... -282.6445  62.42502  -7.248158  333.0834
18   3    5 -239.9995 -3.176492e-04  ... -280.3635  53.84853  -9.001287  283.2751
19   3    6 -239.9982 -3.084021e-05  ... -264.5718  58.24638  -9.698102  269.9146
20   3    7 -239.9982 -1.398697e-04  ... -282.6639  49.94364  -8.051806  314.5345
21   4    1 -239.9958 -4.603694e-04  ... -287.2808  69.23526  -9.769185  334.7148
22   4    2 -239.9903 -1.473702e-04  ... -283.8010  69.96954  -8.357561  335.3249
23   4    3 -239.9995 -2.936444e-04  ... -282.3962  50.00620  -8.940402  322.9598
24   4    4 -239.9942 -1.271070e-04  ... -274.1409  62.55055  -8.072540  334.9714
25   4    5 -239.9998 -6.553455e-05  ... -265.8734  60.85546 -11.551160  274.3933
26   4    6 -239.9923 -3.363596e-04  ... -280.0137  69.09241  -9.357925  327.9118
27   4    7 -239.9995 -6.979157e-04  ... -281.3145  58.61749 -10.165810  280.2163
28   5    1 -239.9948 -2.257624e-04  ... -284.6291  69.16064  -9.476591  334.5241
29   5    2 -239.9875 -1.296685e-04  ... -279.4825  54.26731 -10.510550  283.3694
30   5    3 -239.9983 -1.343548e-03  ... -279.9660  71.10638 -10.628340  327.0389
31   5    4 -239.9998 -6.046999e-04  ... -262.9399  63.06078 -10.852580  282.1062
32   5    5 -239.9939 -9.561200e-05  ... -275.6554  60.79861  -8.634945  336.4373
33   5    6 -239.9865 -3.099752e-04  ... -283.4717  55.22287  -8.565808  319.4593
34   5    7 -239.9935 -4.646665e-04  ... -281.7360  71.14584  -9.160077  336.5476
35   6    1 -239.9951 -6.593289e-04  ... -285.1516  60.64793  -8.813801  332.7984
36   6    2 -239.9948 -1.594561e-04  ... -283.2271  48.16843  -7.812316  302.4679
37   6    3 -239.9998 -8.149249e-05  ... -263.2773  61.38155 -10.285170  278.0771
38   6    4 -239.9976 -1.196161e-03  ... -285.2644  55.42776  -8.858852  283.8833
39   6    5 -239.9979 -7.675936e-04  ... -282.6821  59.99444  -8.178288  333.2093
40   6    6 -239.9995 -8.948715e-04  ... -275.4656  57.82353  -6.881281  334.6878
41   6    7 -239.9982 -1.400747e-04  ... -279.3961  62.97167  -9.322126  327.4527
42   7    1 -239.9998 -1.351797e-04  ... -286.0677  63.03148  -9.947227  331.5294
43   7    2 -239.9998 -5.429635e-04  ... -263.8370  58.09118 -11.678330  272.1426
44   7    3 -239.9916 -3.702446e-04  ... -282.1879  66.25201  -8.388403  334.9361
45   7    4 -239.9973 -2.382924e-04  ... -280.6949  64.53049 -10.484730  322.9848
46   7    5 -239.9915 -2.052455e-04  ... -283.7832  46.00413  -7.954628  314.5158
47   7    6 -239.9992 -2.316959e-04  ... -284.9613  49.62358  -9.700761  297.9071
48   7    7 -239.9987 -7.751249e-06  ... -277.1723  57.53629  -7.564809  332.4505

[49 rows x 12 columns]
number of control transition models:  49

<<<__________________
Model[ 0 ](nk = 1 , n1k = 1 )
model df shape =  (2210498, 7)
features data of control model
(2210498, 16)
          id_k       iq_k      id_k1  ...   sinsin_idiq  exp_iq    log_iq
25   -57.50961  197.40340  -46.47501  ...  -7572.761738     0.0  5.285249
55  -139.45580   99.12979 -129.99890  ...   -924.461120     0.0  4.596430
63  -188.95310   79.93142 -180.36240  ... -14505.247450     0.0  4.381169
82   -87.02477   67.83820  -79.66691  ...   -262.758906     0.0  4.217125
136  -24.87260  169.58850  -15.93452  ...  -3950.126535     0.0  5.133375

[5 rows x 16 columns]
inputs:  ['id_k', 'iq_k', 'sin_eps_k', 'cos_eps_k', 'i_norm', 'sin_iq', 'sin_id', 'cos_iq', 'cos_id', 'coscos_idiq', 'cossin_idiq', 'sinsin_idiq', 'exp_iq', 'log_iq']
targets:  ['id_k1', 'iq_k1']
training set idx:  [      0       1       4 ... 2210495 2210496 2210497] X:  (1768398, 14) y:  (1768398, 2)
Backend Qt5Agg is interactive backend. Turning interactive mode on.
                                 OLS Regression Results                                
=======================================================================================
Dep. Variable:                      y   R-squared (uncentered):                   1.000
Model:                            OLS   Adj. R-squared (uncentered):              1.000
Method:                 Least Squares   F-statistic:                          8.244e+09
Date:                Fri, 03 Jul 2020   Prob (F-statistic):                        0.00
Time:                        17:47:11   Log-Likelihood:                     -1.1100e+06
No. Observations:             1768398   AIC:                                  2.220e+06
Df Residuals:                 1768384   BIC:                                  2.220e+06
Df Model:                          14                                                  
Covariance Type:            nonrobust                                                  
==============================================================================
                 coef    std err          t      P>|t|      [0.025      0.975]
------------------------------------------------------------------------------
x1            -0.0077   7.51e-05   -102.014      0.000      -0.008      -0.008
x2             0.9848   8.08e-05   1.22e+04      0.000       0.985       0.985
x3             0.0040      0.001      2.989      0.003       0.001       0.007
x4            -0.0158      0.001    -11.572      0.000      -0.019      -0.013
x5            -0.0065   7.14e-05    -91.208      0.000      -0.007      -0.006
x6            -0.0001   7.25e-06    -17.190      0.000      -0.000      -0.000
x7             0.0004   7.58e-06     58.758      0.000       0.000       0.000
x8            -0.0005   7.32e-06    -69.303      0.000      -0.001      -0.000
x9         -7.039e-05   7.71e-06     -9.129      0.000   -8.55e-05   -5.53e-05
x10        -9.051e-06   2.78e-07    -32.615      0.000   -9.59e-06   -8.51e-06
x11          2.28e-06    7.8e-08     29.237      0.000    2.13e-06    2.43e-06
x12        -6.911e-06   2.77e-07    -24.920      0.000   -7.45e-06   -6.37e-06
x13           -0.6249      0.005   -136.174      0.000      -0.634      -0.616
x14           -0.0671      0.001   -119.642      0.000      -0.068      -0.066
==============================================================================
Omnibus:                   208223.768   Durbin-Watson:                   1.999
Prob(Omnibus):                  0.000   Jarque-Bera (JB):          2230717.343
Skew:                          -0.026   Prob(JB):                         0.00
Kurtosis:                       8.502   Cond. No.                     1.18e+05
==============================================================================

Warnings:
[1] Standard Errors assume that the covariance matrix of the errors is correctly specified.
[2] The condition number is large, 1.18e+05. This might indicate that there are
strong multicollinearity or other numerical problems.